0.10092591003719922
0.1119994965523197
0.12335209555397988
0.11761072446587609
0.009190600300446605
0.005569807646717285
0.10760849577706456
0.011598196819153233
0.09698412771894031
0.000396659967141546
0.14072674886373593
0.17403713629742565
0.12335209555397988
0.14072674886373593
0.011598196819153233
0.17403713629742565
0.009190600300446605
0.005569807646717285
0.1119994965523197
0.10760849577706456
0.000396659967141546
0.10092591003719922
0.11761072446587609
0.09698412771894031
0.10092591003719922
0.14072674886373593
0.12335209555397988
0.1119994965523197
0.10760849577706456
0.009190600300446605
0.11761072446587609
0.005569807646717285
0.000396659967141546
0.17403713629742565
0.011598196819153233
0.09698412771894031
0.17403713629742565
0.000396659967141546
0.011598196819153233
0.11761072446587609
0.1119994965523197
0.009190600300446605
0.09698412771894031
0.12335209555397988
0.10092591003719922
0.14072674886373593
0.10760849577706456
0.005569807646717285
0.12335209555397988
0.10092591003719922
0.011598196819153233
0.11761072446587609
0.14072674886373593
0.000396659967141546
0.09698412771894031
0.17403713629742565
0.1119994965523197
0.10760849577706456
0.009190600300446605
0.005569807646717285
0.11761072446587609
0.10760849577706456
0.09698412771894031
0.17403713629742565
0.12335209555397988
0.10092591003719922
0.000396659967141546
0.005569807646717285
0.14072674886373593
0.1119994965523197
0.011598196819153233
0.009190600300446605
0.10760849577706456
0.12335209555397988
0.17403713629742565
0.000396659967141546
0.005569807646717285
0.14072674886373593
0.1119994965523197
0.11761072446587609
0.011598196819153233
0.10092591003719922
0.09698412771894031
0.009190600300446605
0.09698412771894031
0.011598196819153233
0.14072674886373593
0.005569807646717285
0.1119994965523197
0.10092591003719922
0.009190600300446605
0.10760849577706456
0.000396659967141546
0.11761072446587609
0.17403713629742565
0.12335209555397988
0.09698412771894031
0.11761072446587609
0.10760849577706456
0.011598196819153233
0.17403713629742565
0.005569807646717285
0.12335209555397988
0.009190600300446605
0.000396659967141546
0.1119994965523197
0.10092591003719922
0.14072674886373593
0.17403713629742565
0.011598196819153233
0.09698412771894031
0.14072674886373593
0.10760849577706456
0.005569807646717285
0.009190600300446605
0.11761072446587609
