0.015144497843532537
0.015144670490566248
0.015144516016904508
0.015144552363648447
0.015144594768183042
0.015144582652601728
0.015144688663938217
0.015144594768183042
0.015144591739287713
0.013686881342450026
0.01514449178574188
0.008633605648187083
0.015144670490566248
0.015144631114926982
0.015145003669052356
0.015145161171609425
0.015145009726843012
0.015144834050913974
0.015145285356317883
0.015145024871319654
0.015145391367654372
0.015144985495680387
0.015144821935332661
0.014886541972901866
0.01514465231719428
0.015144482699055896
0.01514468260614756
0.01514464928829895
0.015144755299635439
0.01514456145033443
0.015144525103590491
0.015144549334753118
0.015144576594811072
0.01514449481463721
0.01514456447922976
0.015144516016904508
0.015144519045799835
0.015144531161381149
0.004880958810143298
0.015144525103590491
0.015144700779519531
0.015144500872427866
0.01514456145033443
0.015144534190276476
0.015144534190276476
0.015144600825973699
0.006364308805934648
0.015144679577252233
0.015144670490566248
0.015144522074695164
0.01514456447922976
0.015144540248067133
0.015144525103590491
0.015144694721728875
0.015144543276962462
0.0151447189528915
0.015144534190276476
0.01514449481463721
0.015144603854869026
0.015144576594811072
0.015144603854869026
0.012579271869919122
0.015144537219171805
0.015144637172717638
0.015144537219171805
0.01514454630585779
0.0151445796237064
0.015144703808414858
